229
213
183
236
300
371
428
469
555
600
629
689
744
774
906
1010
1053
1028
1074
1141
1290
1267
1395
1448
1568
1473
1595
1561
1735
1682
1603
1768
1760
1828
1875
1817
1869
1849
1927
1965
2036
2007
2065
2066
2026
2241
2223
2193
2295
2411
2391
2383
2413
2508
2614
2653
2678
2824
2801
2973
3098
3196
3205
3414
3394
3483
3612
3703
3792
3930
4071
4110
4282
4557
4793
5054
5211
5502
5965
6206
6768
6993
7549
7704
8045
8541
8849
9251
9388
9842
10106
10512
10616
10728
10749
10701
10867
10711
10445
10408
10403
9917
9807
9875
9773
9672
9748
9347
9419
9346
9336
9303
9560
9281
9489
9426
9463
9625
9593
10010
9796
10111
10246
10303
10597
10563
11007
10868
11002
11135
11196
11077
11092
10782
10840
10683
10591
10541
10358
10303
10008
9855
9637
9724
9527
9509
9143
8983
8827
8945
8519
8193
8279
8271
8195
8220
7994
8078
8241
8107
7917
7671
7600
7567
7398
7124
7211
7027
6921
6994
6665
6641
6426
6344
6059
5868
5966
5663
5628
5268
5189
5106
4962
4693
4531
4284
3949
3892
3628
3412
3081
2843
2636
2545
2279
2026
1823
1793
1498
1342
1238
1104
873
872
792
707
634
658
612
595
605
737
782
826
867
1085
1249
1348
1520
2048
2131
2622
2261
1828
1843
1658
1513
1558
1521
1717
1549
1310
1298
1419
1871
2390
2708
2901
3085
2425
2262
2149
2210
2463
2538
1999
1733
1511
1826
1473
736
361
276
166
66
3
