163
179
151
194
243
291
331
382
436
535
598
619
695
754
724
835
828
833
913
984
1001
1035
1098
1076
1127
1104
1179
1213
1228
1273
1284
1266
1319
1347
1324
1334
1402
1363
1397
1399
1386
1434
1449
1463
1432
1440
1559
1503
1534
1518
1534
1587
1634
1574
1607
1749
1665
1715
1767
1847
1942
1982
2070
2211
2254
2513
2662
2823
3047
3301
3449
3654
3805
4232
4316
4695
5022
5131
5319
5706
6045
6198
6421
6553
6979
7054
7423
7567
7666
7904
8175
8390
8667
8949
9086
9212
9443
9621
9777
9830
10017
10329
10602
10679
11241
11788
11958
12100
12782
12981
13315
13440
13394
13500
13389
13435
13051
12779
12474
12000
11445
11060
10718
10360
10071
9736
9422
9353
9236
9118
9042
9094
8843
8887
8661
8553
8572
8644
8385
8497
8504
8363
8412
8627
8602
8493
8764
8743
8814
8723
8897
8909
8948
9124
9036
9110
9280
9259
9144
8932
8949
8713
8437
8387
8138
7997
7368
7505
7167
6966
6817
6724
6458
6340
6148
5946
5905
5792
5620
5348
5292
5029
5003
4931
4802
4666
4370
4236
3879
3627
3455
3225
3133
2900
2718
2630
2482
2348
2456
2455
2563
2383
1924
1914
1897
1690
1650
1611
1612
1740
1902
2094
2251
2580
2751
2418
2296
2337
2425
2092
2023
2187
3448
3028
2164
2441
2048
1850
2399
3142
3182
3998
5066
3998
3776
4762
4112
2176
2288
1590
1367
1100
1030
752
384
141
94
46
47
34
15
18
8
6
5
0
